1.000000000000000021e-02 4.011999999999999886e+02 5.689999999999999745e-03
1.268960000000000053e-02 4.011999999999999886e+02 5.666000000000000029e-03
1.610260000000000163e-02 4.011999999999999886e+02 5.669500000000000060e-03
2.043359999999999968e-02 4.011999999999999886e+02 5.800999999999999733e-03
2.592939999999999828e-02 4.013000000000000114e+02 5.555000000000000042e-03
3.290350000000000219e-02 4.011000000000000227e+02 5.617500000000000097e-03
4.175319999999999726e-02 4.011999999999999886e+02 5.782999999999999946e-03
5.298320000000000113e-02 4.011999999999999886e+02 5.606500000000000372e-03
6.723360000000000447e-02 4.011999999999999886e+02 5.669999999999999693e-03
8.531679999999999819e-02 4.011999999999999886e+02 5.742500000000000208e-03
1.082639999999999991e-01 4.011000000000000227e+02 5.644500000000000212e-03
1.373820000000000041e-01 4.011999999999999886e+02 5.644500000000000212e-03
1.743329999999999880e-01 4.011999999999999886e+02 5.640499999999999681e-03
2.212220000000000020e-01 4.010000000000000000e+02 5.695999999999999674e-03
2.807220000000000271e-01 4.006999999999999886e+02 5.808999999999999928e-03
3.562250000000000139e-01 3.998000000000000114e+02 5.908499999999999690e-03
4.520350000000000201e-01 3.976000000000000227e+02 5.994000000000000196e-03
5.736149999999999860e-01 3.913000000000000114e+02 6.398000000000000041e-03
7.278949999999999587e-01 3.736999999999999886e+02 6.870000000000000238e-03
9.236710000000000198e-01 3.156000000000000227e+02 8.744000000000000036e-03
1.000000000000000000e+00 2.630000000000000000e+02 1.059000000000000045e-02
1.048110000000000097e+00 2.104000000000000057e+02 1.038999999999999993e-02
1.098540000000000072e+00 1.678000000000000114e+02 1.093500000000000028e-02
1.151389999999999914e+00 1.330999999999999943e+02 1.058000000000000086e-02
1.172099999999999920e+00 1.215999999999999943e+02 1.058599999999999992e-02
1.206790000000000029e+00 1.047999999999999972e+02 1.054500000000000055e-02
1.264860000000000095e+00 8.201000000000000512e+01 9.830000000000000196e-03
1.325709999999999944e+00 6.378000000000000114e+01 1.066499999999999913e-02
1.389489999999999892e+00 4.929999999999999716e+01 1.051999999999999984e-02
1.456350000000000033e+00 3.779999999999999716e+01 1.028500000000000074e-02
1.487349999999999950e+00 3.352000000000000313e+01 1.019450000000000044e-02
1.526420000000000110e+00 2.882999999999999829e+01 1.102500000000000008e-02
1.599860000000000060e+00 2.176999999999999957e+01 1.010999999999999920e-02
1.676830000000000043e+00 1.632000000000000028e+01 1.015500000000000083e-02
1.757509999999999906e+00 1.209999999999999964e+01 1.053499999999999923e-02
1.842070000000000096e+00 8.897000000000000242e+00 1.051500000000000004e-02
1.887389999999999901e+00 7.549999999999999822e+00 1.050350000000000068e-02
1.930700000000000083e+00 6.458999999999999631e+00 1.065499999999999954e-02
2.023590000000000000e+00 4.636999999999999567e+00 1.090999999999999956e-02
2.120950000000000113e+00 3.290000000000000036e+00 1.037500000000000054e-02
2.222999999999999865e+00 2.297000000000000153e+00 1.072000000000000036e-02
2.329950000000000188e+00 1.578999999999999959e+00 1.055000000000000035e-02
2.395030000000000214e+00 1.258999999999999897e+00 1.080200000000000084e-02
2.442050000000000054e+00 1.068999999999999950e+00 1.074999999999999914e-02
2.559550000000000214e+00 7.088999999999999746e-01 1.145499999999999990e-02
2.682700000000000085e+00 4.618999999999999773e-01 1.168499999999999921e-02
2.811770000000000103e+00 2.938000000000000056e-01 1.099999999999999936e-02
2.947049999999999947e+00 1.824999999999999956e-01 1.111499999999999988e-02
3.039190000000000058e+00 1.318999999999999895e-01 1.180649999999999929e-02
3.088839999999999808e+00 1.106000000000000039e-01 1.125499999999999938e-02
3.237460000000000004e+00 6.525999999999999857e-02 1.158000000000000002e-02
3.393219999999999903e+00 3.756000000000000311e-02 1.247999999999999977e-02
3.556480000000000086e+00 2.099000000000000171e-02 1.203000000000000076e-02
3.727590000000000181e+00 1.142999999999999919e-02 1.288000000000000082e-02
3.856619999999999937e+00 7.259999999999999960e-03 1.271850000000000064e-02
3.906940000000000079e+00 6.085000000000000131e-03 1.304499999999999930e-02
4.094920000000000115e+00 3.154999999999999818e-03 1.305000000000000084e-02
4.291929999999999801e+00 1.598999999999999944e-03 1.363499999999999955e-02
4.498429999999999929e+00 7.868999999999999910e-04 1.292500000000000072e-02
4.714870000000000339e+00 3.726000000000000037e-04 1.317499999999999921e-02
4.893900000000000361e+00 1.979999999999999881e-04 1.397450000000000081e-02
4.941709999999999603e+00 1.664000000000000060e-04 1.363999999999999935e-02
5.179479999999999862e+00 6.833000000000000477e-05 1.549999999999999989e-02
5.428679999999999950e+00 2.460000000000000164e-05 1.567999999999999949e-02
5.689869999999999983e+00 7.430999999999999665e-06 1.725000000000000144e-02
5.963619999999999699e+00 1.749999999999999974e-06 1.883999999999999911e-02
6.210169999999999746e+00 3.738999999999999798e-07 2.099900000000000030e-02
6.250549999999999606e+00 2.822999999999999801e-07 2.109000000000000111e-02
6.551289999999999836e+00 2.490000000000000128e-08 2.440499999999999961e-02
6.866489999999999760e+00 6.999999999999999609e-10 3.011499999999999941e-02
7.196860000000000035e+00 1.425999999999999982e-12 4.184000000000000219e-02
