0.01 0.000129811 0.000114661 0 0 
0.0102341 0.00013251 0.000106151 0 0 
0.0104737 0.00012803 0.000100484 0 0 
0.0107189 0.000128935 0.000107224 0 0 
0.0109699 0.000134337 0.000114603 0 0 
0.0112267 0.000133376 0.000126425 0 0 
0.0114895 0.000136124 0.00011565 0 0 
0.0117585 0.000134967 0.000128751 0 0 
0.0120338 0.00014039 0.000115574 0 0 
0.0123155 0.000140395 0.000123133 0 0 
0.0126038 0.000129441 0.000115714 0 0 
0.0128989 0.000141814 0.000123957 0 0 
0.0132009 0.000133912 0.000114594 0 0 
0.0135099 0.000137327 0.000107869 0 0 
0.0138262 0.000133011 0.000107929 0 0 
0.0141499 0.000138178 0.000131642 0 0 
0.0144812 0.000136988 0.000120301 0 0 
0.0148202 0.000140744 0.000129629 0 0 
0.0151672 0.000135781 0.000119401 0 0 
0.0155223 0.000130583 0.00012107 0 0 
0.0158857 0.00014127 0.000120479 0 0 
0.0162576 0.000141637 0.000113543 0 0 
0.0166382 0.000135394 0.00012223 0 0 
0.0170277 0.000138448 0.000114625 0 0 
0.0174263 0.000133826 0.000111792 0 0 
0.0178343 0.000143518 0.000115368 0 0 
0.0182518 0.000141633 0.000135555 0 0 
0.0186791 0.000137323 0.00012986 0 0 
0.0191164 0.000145929 0.000110836 0 0 
0.019564 0.000143943 0.000129686 0 0 
0.020022 0.000134302 0.000106131 0 0 
0.0204907 0.000146011 0.000125686 0 0 
0.0209705 0.000137377 0.000127541 0 0 
0.0214614 0.000142738 0.000113706 0 0 
0.0219639 0.000144912 0.000104933 0 0 
0.0224781 0.000141277 0.000122148 0 0 
0.0230043 0.000133688 0.00012034 0 0 
0.0235429 0.000128439 0.000111155 0 0 
0.024094 0.000136568 0.000122076 0 0 
0.0246581 0.000136291 0.000121271 0 0 
0.0252354 0.000143183 0.000117227 0 0 
0.0258262 0.00013706 0.000110068 0 0 
0.0264308 0.000132895 0.000106786 0 0 
0.0270496 0.000142436 0.000126145 0 0 
0.0276829 0.000133703 0.000124065 0 0 
0.028331 0.000141316 0.000105023 0 0 
0.0289942 0.000139205 0.000130842 0 0 
0.029673 0.000139816 0.000119502 0 0 
0.0303677 0.00013957 0.000127738 0 0 
0.0310787 0.000133947 0.00011638 0 0 
0.0318063 0.000136146 0.000124107 0 0 
0.0325509 0.000143982 0.000127748 0 0 
0.0333129 0.000136451 0.00012381 0 0 
0.0340929 0.000139247 0.000125183 0 0 
0.034891 0.000141446 0.000117233 0 0 
0.0357079 0.000144815 0.000137473 0 0 
0.0365438 0.000146354 0.000119294 0 0 
0.0373994 0.000142585 0.000116499 0 0 
0.0382749 0.000143028 0.000106912 0 0 
0.039171 0.000139679 0.000137938 0 0 
0.0400881 0.0001395 0.000128056 0 0 
0.0410266 0.000140497 0.00010217 0 0 
0.0419871 0.000132809 0.00012405 0 0 
0.04297 0.000137956 0.000106155 0 0 
0.043976 0.000144384 0.000140033 0 0 
0.0450056 0.000151394 0.000131682 0 0 
0.0460592 0.000144459 0.000116629 0 0 
0.0471375 0.000142836 0.00013464 0 0 
0.0482411 0.000144751 0.000137465 0 0 
0.0493705 0.000140228 0.000119476 0 0 
0.0505263 0.000145519 0.000121184 0 0 
0.0517092 0.000148545 0.000138319 0 0 
0.0529198 0.000139951 0.000119284 0 0 
0.0541587 0.000145678 0.000136432 0 0 
0.0554266 0.000155796 0.000137196 0 0 
0.0567243 0.00014432 0.000144877 0 0 
0.0580523 0.000137394 0.000122994 0 0 
0.0594113 0.000145641 0.00012976 0 0 
0.0608022 0.000139095 0.00014869 0 0 
0.0622257 0.000144904 0.00012907 0 0 
0.0636825 0.000146731 0.000133714 0 0 
0.0651734 0.000131001 0.00013922 0 0 
0.0666992 0.000121295 0.000151495 0 0 
0.0682607 0 0.000126989 0 0 
0.0698588 0 0.000123062 0 0 
0.0714943 0 0.000122159 0 0 
0.0731681 0 0.000128918 0 0 
0.074881 0 0.000148637 0 0 
0.0766341 0 0.000142023 0 0 
0.0784282 0 0.000118474 0 0 
0.0802643 0 0.000138884 0 0 
0.0821434 0 0.000157029 0 0 
0.0840665 0 0.00012132 0 0 
0.0860346 0 0.00012874 0 0 
0.0880488 0 0.000131726 0 0 
0.0901102 0 0.000151583 0 0 
0.0922198 0 0.000138424 0 0 
0.0943788 0 0.000148699 0 0 
0.0965883 0 0.000152404 0 0 
0.0988496 0 0.000144033 0 0 
0.101164 0 0.000159121 0 0 
0.103532 0 0.000144916 0 0 
0.105956 0 0.000151561 0 0 
0.108437 0 0.000162827 0 0 
0.110975 0 0.000152534 0 0 
0.113573 0 0.00017703 0 0 
0.116232 0 0.00019895 0 0 
0.118953 0 0.000178259 0 0 
0.121738 0 0.000149917 0 0 
0.124588 0 0.000159043 0 0 
0.127505 0 0.0001714 0 0 
0.13049 0 0.000157431 0 0 
0.133545 0 0.000166597 0 0 
0.136672 0 0.000175203 0 0 
0.139871 0 0.000182803 0 0 
0.143146 0 0.000173867 0 0 
0.146497 0 0.000182909 0 0 
0.149927 0 0.000179971 0 0 
0.153437 0 0.000175469 0 0 
0.157029 0 0.000193633 0 0 
0.160705 0 0.00020729 0 0 
0.164468 0 0.000196894 0 0 
0.168318 0 0.000189125 0 0 
0.172259 0 0.000170642 0 0 
0.176291 0 0.000201085 0 0 
0.180419 0 0.000196096 0 0 
0.184642 0 0.000196986 0 0 
0.188965 0 0.000199171 0 0 
0.193389 0 0.000212402 0 0 
0.197917 0 0.000223372 0 0 
0.20255 0 0.00020978 0 0 
0.207292 0 0.000209463 0 0 
0.212145 0 0.000226433 0 0 
0.217112 0 0.0002282 0 0 
0.222195 0 0.00026091 0 0 
0.227397 0 0.000248961 0 0 
0.23272 0 0.000247764 0 0 
0.238169 0 0.000232595 0 0 
0.243744 0 0.000228754 0 0 
0.249451 0 0.000232127 0 0 
0.255291 0 0.00024245 0 0 
0.261268 0 0.000246544 0 0 
0.267384 0 0.000250115 0 0 
0.273644 0 0 0 0 
0.28005 0 0 0 0 
