0.01 401.2 0.00569
0.0126896 401.2 0.005666
0.0161026 401.2 0.0056695
0.0204336 401.2 0.005801
0.0259294 401.3 0.005555
0.0329035 401.1 0.0056175
0.0417532 401.2 0.005783
0.0529832 401.2 0.0056065
0.0672336 401.2 0.00567
0.0853168 401.2 0.0057425
0.108264 401.1 0.0056445
0.137382 401.2 0.0056445
0.174333 401.2 0.0056405
0.221222 401.0 0.005696
0.280722 400.7 0.005809
0.356225 399.8 0.0059085
0.452035 397.6 0.005994
0.573615 391.3 0.006398
0.727895 373.7 0.00687
0.923671 315.6 0.008744
1.1721 121.6 0.010586
1.48735 33.52 0.0101945
1.88739 7.55 0.0105035
2.39503 1.259 0.010802
3.03919 0.1319 0.0118065
3.85662 0.00726 0.0127185
4.8939 0.000198 0.0139745
6.21017 3.739e-07 0.020999
