1.000000000000000021e-02 3.729603729603729600e-03 0.000000000000000000e+00
2.782559999999999895e-02 3.889016794330124593e-03 0.000000000000000000e+00
4.641590000000000299e-02 3.755494898371582700e-03 0.000000000000000000e+00
7.742640000000000633e-02 3.849627807020276123e-03 0.000000000000000000e+00
1.291549999999999920e-01 3.758721165017178331e-03 0.000000000000000000e+00
2.154429999999999956e-01 4.005049845457315377e-03 0.000000000000000000e+00
3.593810000000000060e-01 3.968130562690865525e-03 0.000000000000000000e+00
5.994840000000000169e-01 4.064964851106677227e-03 0.000000000000000000e+00
1.100000000000000089e+00 4.673216627205329342e-03 0.000000000000000000e+00
1.500000000000000000e+00 5.677759210828741722e-03 0.000000000000000000e+00
1.599858719606058077e+00 0.000000000000000000e+00 0.000000000000000000e+00
1.676832936811007979e+00 0.000000000000000000e+00 0.000000000000000000e+00
1.757510624854791814e+00 0.000000000000000000e+00 0.000000000000000000e+00
1.842069969326715961e+00 0.000000000000000000e+00 0.000000000000000000e+00
1.930697728883250086e+00 0.000000000000000000e+00 0.000000000000000000e+00
2.023589647725156926e+00 0.000000000000000000e+00 0.000000000000000000e+00
2.120950887920190819e+00 0.000000000000000000e+00 0.000000000000000000e+00
2.222996482526194750e+00 0.000000000000000000e+00 0.000000000000000000e+00
2.329951810515372035e+00 0.000000000000000000e+00 0.000000000000000000e+00
2.442053094548651160e+00 0.000000000000000000e+00 0.000000000000000000e+00
2.559547922699535683e+00 0.000000000000000000e+00 0.000000000000000000e+00
2.682695795279725459e+00 0.000000000000000000e+00 0.000000000000000000e+00
2.811768697974230236e+00 0.000000000000000000e+00 0.000000000000000000e+00
2.947051702551810592e+00 0.000000000000000000e+00 0.000000000000000000e+00
3.088843596477480968e+00 0.000000000000000000e+00 0.000000000000000000e+00
3.237457542817644196e+00 0.000000000000000000e+00 0.000000000000000000e+00
3.393221771895328143e+00 0.000000000000000000e+00 0.000000000000000000e+00
3.556480306223128718e+00 0.000000000000000000e+00 0.000000000000000000e+00
3.727593720314939851e+00 0.000000000000000000e+00 0.000000000000000000e+00
3.906939937054616951e+00 0.000000000000000000e+00 0.000000000000000000e+00
4.094915062380424686e+00 0.000000000000000000e+00 0.000000000000000000e+00
4.291934260128777545e+00 0.000000000000000000e+00 0.000000000000000000e+00
4.498432668969445380e+00 0.000000000000000000e+00 0.000000000000000000e+00
4.714866363457393739e+00 0.000000000000000000e+00 0.000000000000000000e+00
4.941713361323833986e+00 0.000000000000000000e+00 0.000000000000000000e+00
5.179474679231209855e+00 0.000000000000000000e+00 0.000000000000000000e+00
5.428675439323859209e+00 0.000000000000000000e+00 0.000000000000000000e+00
5.689866029018295635e+00 0.000000000000000000e+00 0.000000000000000000e+00
5.963623316594643065e+00 0.000000000000000000e+00 0.000000000000000000e+00
6.250551925273970966e+00 0.000000000000000000e+00 0.000000000000000000e+00
6.551285568595507591e+00 0.000000000000000000e+00 0.000000000000000000e+00
6.866488450042999681e+00 0.000000000000000000e+00 0.000000000000000000e+00
7.196856730011519154e+00 0.000000000000000000e+00 0.000000000000000000e+00
7.543120063354616711e+00 0.000000000000000000e+00 0.000000000000000000e+00
7.906043210907697905e+00 0.000000000000000000e+00 0.000000000000000000e+00
8.286427728546842175e+00 0.000000000000000000e+00 0.000000000000000000e+00
8.685113737513525223e+00 0.000000000000000000e+00 0.000000000000000000e+00
9.102981779915218397e+00 0.000000000000000000e+00 0.000000000000000000e+00
9.540954763499939872e+00 0.000000000000000000e+00 0.000000000000000000e+00
1.000000000000000000e+01 0.000000000000000000e+00 0.000000000000000000e+00
