1.000000000000000021e-02 4.011999999999999886e+02 1.012599999999999958e-02
1.268960000000000053e-02 4.011999999999999886e+02 1.016749999999999945e-02
1.610260000000000163e-02 4.011999999999999886e+02 1.017999999999999981e-02
2.043359999999999968e-02 4.011999999999999886e+02 1.043000000000000003e-02
2.592939999999999828e-02 4.013000000000000114e+02 1.012099999999999979e-02
3.290350000000000219e-02 4.011000000000000227e+02 1.007350000000000086e-02
4.175319999999999726e-02 4.011999999999999886e+02 1.030249999999999916e-02
5.298320000000000113e-02 4.011999999999999886e+02 1.014400000000000024e-02
6.723360000000000447e-02 4.011999999999999886e+02 1.022149999999999968e-02
8.531679999999999819e-02 4.011999999999999886e+02 1.032899999999999964e-02
1.082639999999999991e-01 4.011000000000000227e+02 1.011749999999999976e-02
1.373820000000000041e-01 4.011999999999999886e+02 1.016650000000000019e-02
1.743329999999999880e-01 4.011999999999999886e+02 1.024699999999999916e-02
2.212220000000000020e-01 4.010000000000000000e+02 1.031600000000000052e-02
2.807220000000000271e-01 4.006999999999999886e+02 1.049250000000000009e-02
3.562250000000000139e-01 3.998000000000000114e+02 1.062549999999999953e-02
4.520350000000000201e-01 3.976000000000000227e+02 1.080099999999999984e-02
5.736149999999999860e-01 3.913000000000000114e+02 1.147699999999999936e-02
7.278949999999999587e-01 3.736999999999999886e+02 1.230599999999999923e-02
9.236710000000000198e-01 3.156000000000000227e+02 1.566000000000000031e-02
1.000000000000000000e+00 2.630000000000000000e+02 1.922000000000000097e-02
1.048110000000000097e+00 2.104000000000000057e+02 1.867999999999999869e-02
1.098540000000000072e+00 1.678000000000000114e+02 1.946499999999999966e-02
1.151389999999999914e+00 1.330999999999999943e+02 1.890999999999999973e-02
1.172099999999999920e+00 1.215999999999999943e+02 1.908400000000000027e-02
1.206790000000000029e+00 1.047999999999999972e+02 1.946499999999999966e-02
1.264860000000000095e+00 8.201000000000000512e+01 1.798500000000000099e-02
1.325709999999999944e+00 6.378000000000000114e+01 1.947000000000000119e-02
1.389489999999999892e+00 4.929999999999999716e+01 1.929499999999999965e-02
1.456350000000000033e+00 3.779999999999999716e+01 1.829499999999999876e-02
1.487349999999999950e+00 3.352000000000000313e+01 1.833900000000000113e-02
1.526420000000000110e+00 2.882999999999999829e+01 1.959999999999999937e-02
1.599860000000000060e+00 2.176999999999999957e+01 1.849999999999999908e-02
1.676830000000000043e+00 1.632000000000000028e+01 1.852499999999999980e-02
1.757509999999999906e+00 1.209999999999999964e+01 1.892500000000000085e-02
1.842070000000000096e+00 8.897000000000000242e+00 1.877500000000000002e-02
1.887389999999999901e+00 7.549999999999999822e+00 1.881350000000000036e-02
1.930700000000000083e+00 6.458999999999999631e+00 1.883999999999999911e-02
2.023590000000000000e+00 4.636999999999999567e+00 1.966000000000000039e-02
2.120950000000000113e+00 3.290000000000000036e+00 1.888499999999999901e-02
2.222999999999999865e+00 2.297000000000000153e+00 1.909500000000000086e-02
2.329950000000000188e+00 1.578999999999999959e+00 1.927999999999999853e-02
2.395030000000000214e+00 1.258999999999999897e+00 1.943550000000000139e-02
2.442050000000000054e+00 1.068999999999999950e+00 1.961999999999999855e-02
2.559550000000000214e+00 7.088999999999999746e-01 2.057000000000000148e-02
2.682700000000000085e+00 4.618999999999999773e-01 2.083000000000000129e-02
2.811770000000000103e+00 2.938000000000000056e-01 2.033000000000000085e-02
2.947049999999999947e+00 1.824999999999999956e-01 2.052500000000000158e-02
3.039190000000000058e+00 1.318999999999999895e-01 2.116200000000000025e-02
3.088839999999999808e+00 1.106000000000000039e-01 2.056499999999999995e-02
3.237460000000000004e+00 6.525999999999999857e-02 2.127000000000000071e-02
3.393219999999999903e+00 3.756000000000000311e-02 2.227499999999999966e-02
3.556480000000000086e+00 2.099000000000000171e-02 2.206999999999999934e-02
3.727590000000000181e+00 1.142999999999999919e-02 2.298000000000000043e-02
3.856619999999999937e+00 7.259999999999999960e-03 2.283400000000000013e-02
3.906940000000000079e+00 6.085000000000000131e-03 2.377500000000000099e-02
4.094920000000000115e+00 3.154999999999999818e-03 2.341499999999999831e-02
4.291929999999999801e+00 1.598999999999999944e-03 2.447500000000000023e-02
4.498429999999999929e+00 7.868999999999999910e-04 2.392499999999999835e-02
4.714870000000000339e+00 3.726000000000000037e-04 2.416000000000000092e-02
4.893900000000000361e+00 1.979999999999999881e-04 2.495599999999999902e-02
4.941709999999999603e+00 1.664000000000000060e-04 2.544000000000000081e-02
5.179479999999999862e+00 6.833000000000000477e-05 2.745500000000000024e-02
5.428679999999999950e+00 2.460000000000000164e-05 2.819500000000000131e-02
5.689869999999999983e+00 7.430999999999999665e-06 3.126000000000000306e-02
5.963619999999999699e+00 1.749999999999999974e-06 3.389500000000000152e-02
6.210169999999999746e+00 3.738999999999999798e-07 3.786649999999999738e-02
6.250549999999999606e+00 2.822999999999999801e-07 3.793500000000000344e-02
6.551289999999999836e+00 2.490000000000000128e-08 4.431000000000000216e-02
6.866489999999999760e+00 6.999999999999999609e-10 5.421000000000000124e-02
7.196860000000000035e+00 0.000000000000000000e+00 7.660000000000000142e-02
