1 263.0 0.01059
1.04811 210.4 0.01039
1.09854 167.8 0.010935
1.15139 133.1 0.01058
1.20679 104.8 0.010545
1.26486 82.01 0.00983
1.32571 63.78 0.010665
1.38949 49.3 0.01052
1.45635 37.8 0.010285
1.52642 28.83 0.011025
1.59986 21.77 0.01011
1.67683 16.32 0.010155
1.75751 12.1 0.010535
1.84207 8.897 0.010515
1.9307 6.459 0.010655
2.02359 4.637 0.01091
2.12095 3.29 0.010375
2.223 2.297 0.01072
2.32995 1.579 0.01055
2.44205 1.069 0.01075
2.55955 0.7089 0.011455
2.6827 0.4619 0.011685
2.81177 0.2938 0.011
2.94705 0.1825 0.011115
3.08884 0.1106 0.011255
3.23746 0.06526 0.01158
3.39322 0.03756 0.01248
3.55648 0.02099 0.01203
3.72759 0.01143 0.01288
3.90694 0.006085 0.013045
4.09492 0.003155 0.01305
4.29193 0.001599 0.013635
4.49843 0.0007869 0.012925
4.71487 0.0003726 0.013175
4.94171 0.0001664 0.01364
5.17948 6.833e-05 0.0155
5.42868 2.46e-05 0.01568
5.68987 7.431e-06 0.01725
5.96362 1.75e-06 0.01884
6.25055 2.823e-07 0.02109
6.55129 2.49e-08 0.024405
6.86649 7e-10 0.030115
7.19686 1.426e-12 0.04184

