1.000000000000000021e-02 2.104018176725076881e-03 0.000000000000000000e+00
2.782559999999999895e-02 2.124447923072622472e-03 0.000000000000000000e+00
4.641590000000000299e-02 2.165512349020852229e-03 0.000000000000000000e+00
7.742640000000000633e-02 2.183473832430789675e-03 0.000000000000000000e+00
1.291549999999999920e-01 2.166509988980682127e-03 0.000000000000000000e+00
2.154429999999999956e-01 2.242305661666511504e-03 0.000000000000000000e+00
3.593810000000000060e-01 2.294105578593321534e-03 0.000000000000000000e+00
5.994840000000000169e-01 2.310142893516074769e-03 0.000000000000000000e+00
1.100000000000000089e+00 2.593686829419997088e-03 0.000000000000000000e+00
1.500000000000000000e+00 3.204430202532433398e-03 0.000000000000000000e+00
