1.000000000000000021e-02
1.268961003167922048e-02
1.610262027560939099e-02
2.043359717856941746e-02
2.592943797404666934e-02
3.290344562312667864e-02
4.175318936560400152e-02
5.298316906283707245e-02
6.723357536499334486e-02
8.531678524172806033e-02
1.082636733874054596e-01
1.373823795883263033e-01
1.743328822199988193e-01
2.212216291070449037e-01
2.807216203941176880e-01
3.562247890262442152e-01
4.520353656360243111e-01
5.736152510448678798e-01
7.278953843983150263e-01
9.236708571873860629e-01
1.172102297533480497e+00
1.487352107293511860e+00
1.887391822135097597e+00
2.395026619987485894e+00
3.039195382313197857e+00
3.856620421163472034e+00
4.893900918477494422e+00
6.210169418915616468e+00
7.880462815669912580e+00
1.000000000000000000e+01
