10 9e-05 0 
10.1985 0.00012 1e-05 
10.4009 0.00011 0 
10.6074 0.000115 1e-05 
10.818 8.5e-05 5e-06 
11.0327 0.0001 1e-05 
11.2517 8e-05 1e-05 
11.475 6e-05 5e-06 
11.7028 0.000135 5e-06 
11.9351 7.5e-05 5e-06 
12.172 8e-05 5e-06 
12.4137 0.0001 5e-06 
12.6601 8.5e-05 1.5e-05 
12.9114 0.0001 0 
13.1677 5e-05 1e-05 
13.429 0.000115 1.5e-05 
13.6956 0.00015 1e-05 
13.9675 9e-05 1.5e-05 
14.2447 8e-05 1e-05 
14.5275 8.5e-05 1e-05 
14.8159 9e-05 1.5e-05 
15.11 0.00011 0 
15.4099 0.00012 1e-05 
15.7158 6.5e-05 0 
16.0277 7e-05 1.5e-05 
16.3459 9e-05 1.5e-05 
16.6704 5e-05 5e-06 
17.0013 8.5e-05 0 
17.3387 9e-05 0 
17.6829 8e-05 0 
18.0339 6.5e-05 0 
18.3919 9.5e-05 1.5e-05 
18.757 7e-05 5e-06 
19.1293 6.5e-05 5e-06 
19.509 7e-05 1e-05 
19.8963 4e-05 0 
20.2912 5.5e-05 0 
20.694 7e-05 0 
21.1048 7e-05 5e-06 
21.5237 6.5e-05 5e-06 
21.951 3e-05 0 
22.3867 6e-05 0 
22.8311 6.5e-05 5e-06 
23.2843 7.5e-05 5e-06 
23.7465 6.5e-05 0 
24.2178 5e-05 5e-06 
24.6986 7e-05 0 
25.1888 7e-05 1e-05 
25.6888 5.5e-05 0 
26.1988 7.5e-05 0 
26.7188 5e-05 0 
27.2492 5e-05 0 
27.7901 5e-05 0 
28.3417 2.5e-05 0 
28.9043 3e-05 0 
29.4781 4e-05 0 
30.0632 3.5e-05 0 
30.66 3.5e-05 5e-06 
31.2686 3.5e-05 5e-06 
31.8892 2.5e-05 5e-06 
32.5223 2e-05 5e-06 
33.1678 3.5e-05 0 
33.8262 1e-05 0 
34.4977 3.5e-05 0 
35.1824 1e-05 0 
35.8808 3.5e-05 0 
36.5931 3e-05 5e-06 
37.3194 2.5e-05 0 
38.0602 4e-05 0 
38.8157 4e-05 0 
39.5862 2.5e-05 5e-06 
40.372 2e-05 0 
41.1734 2e-05 5e-06 
41.9907 5e-06 5e-06 
42.8242 1e-05 0 
43.6743 1e-05 0 
44.5412 1e-05 5e-06 
45.4254 1e-05 0 
46.3271 2e-05 0 
47.2467 5e-06 0 
48.1845 5e-06 0 
49.141 5e-06 0 
50.1164 1.5e-05 0 
51.1113 1e-05 0 
52.1258 1.5e-05 0 
53.1605 1e-05 0 
54.2158 0 0 
55.292 1e-05 0 
56.3895 5e-06 0 
57.5088 5e-06 0 
58.6504 0 0 
59.8146 1e-05 0 
61.0019 0 0 
