10 1929 166 52 16 
10.1985 2006 151 56 21 
10.4009 2029 148 59 21 
10.6074 1928 174 58 26 
10.818 1886 154 50 20 
11.0327 1985 148 58 18 
11.2517 1939 171 55 18 
11.475 1908 138 47 10 
11.7028 1984 161 65 27 
11.9351 1868 164 56 26 
12.172 1888 160 50 26 
12.4137 1841 163 58 24 
12.6601 1833 147 53 18 
12.9114 1798 143 40 11 
13.1677 1776 147 57 22 
13.429 1806 173 68 27 
13.6956 1819 125 40 17 
13.9675 1695 146 43 17 
14.2447 1734 135 42 16 
14.5275 1756 131 52 19 
14.8159 1663 133 49 14 
15.11 1671 134 48 21 
15.4099 1679 158 57 23 
15.7158 1711 124 57 22 
16.0277 1606 130 43 17 
16.3459 1596 139 46 17 
16.6704 1646 143 53 19 
17.0013 1578 116 39 13 
17.3387 1526 132 44 11 
17.6829 1492 135 48 19 
18.0339 1507 136 44 19 
18.3919 1434 117 37 13 
18.757 1416 124 42 16 
19.1293 1480 115 46 18 
19.509 1409 131 42 15 
19.8963 1356 115 34 16 
20.2912 1393 112 40 15 
20.694 1365 109 40 12 
21.1048 1298 89 26 11 
21.5237 1311 101 33 12 
21.951 1263 92 30 14 
22.3867 1182 99 36 15 
22.8311 1231 110 47 17 
23.2843 1166 105 38 11 
23.7465 1183 84 24 7 
24.2178 1117 102 35 8 
24.6986 1072 77 31 13 
25.1888 1116 79 31 10 
25.6888 1082 83 25 12 
26.1988 1013 84 32 15 
26.7188 984 79 24 11 
27.2492 981 92 29 10 
27.7901 1009 103 42 14 
28.3417 902 70 20 9 
28.9043 955 73 26 10 
29.4781 860 72 23 9 
30.0632 805 68 29 13 
30.66 745 62 23 8 
31.2686 783 76 20 10 
31.8892 763 70 34 13 
32.5223 692 55 16 7 
33.1678 709 49 22 9 
33.8262 656 51 20 6 
34.4977 599 44 20 7 
35.1824 587 47 17 6 
35.8808 550 57 22 3 
36.5931 512 46 16 7 
37.3194 545 49 15 9 
38.0602 456 37 10 5 
38.8157 475 39 18 8 
