1.000000000000000056e-01
1.098541141987558339e-01
1.206792640639328534e-01
1.325711365590109270e-01
1.456348477501243632e-01
1.599858719606058188e-01
1.757510624854791981e-01
1.930697728883249975e-01
2.120950887920190486e-01
2.329951810515371868e-01
2.559547922699536016e-01
2.811768697974230125e-01
3.088843596477480746e-01
3.393221771895327810e-01
3.727593720314940073e-01
4.094915062380424242e-01
4.498432668969445380e-01
4.941713361323834541e-01
5.428675439323858987e-01
5.963623316594642843e-01
6.551285568595507369e-01
7.196856730011519376e-01
7.906043210907697238e-01
8.685113737513524557e-01
9.540954763499939206e-01
1.048113134154685877e+00
1.151395399326446967e+00
1.264855216855295783e+00
1.389495494373137463e+00
1.526417967175233370e+00
1.676832936811007313e+00
1.842069969326715295e+00
2.023589647725156482e+00
2.222996482526194306e+00
2.442053094548651160e+00
2.682695795279724571e+00
2.947051702551809704e+00
3.237457542817643308e+00
3.556480306223128718e+00
3.906939937054614731e+00
4.291934260128775769e+00
4.714866363457391962e+00
5.179474679231209855e+00
5.689866029018295635e+00
6.250551925273970078e+00
6.866488450042997904e+00
7.543120063354614935e+00
8.286427728546842175e+00
9.102981779915218397e+00
1.000000000000000000e+01
