3.958622317003355562e+01
4.037201375382646518e+01
4.117340236117733099e+01
4.199069861445112650e+01
4.282421828204849845e+01
4.367428340040510193e+01
4.454122239841285591e+01
4.542537022431084637e+01
4.632706847509496839e+01
4.724666552849651424e+01
4.818451667758035484e+01
4.914098426801509589e+01
5.011643783806800911e+01
5.111125426137881789e+01
5.212581789256754661e+01
5.316052071573277260e+01
5.421576249589762142e+01
5.529195093346186951e+01
5.638950182171996772e+01
5.750883920750581524e+01
5.865039555502637114e+01
5.981461191294746271e+01
