1.000000000000000000e+01
1.019850102406024028e+01
1.040094231377578105e+01
1.060740208382337890e+01
1.081796010144915066e+01
1.103269771728719739e+01
1.125169789679006094e+01
1.147504525228298888e+01
1.170282607565457234e+01
1.193512837169620333e+01
1.217204189210341525e+01
1.241365817015208783e+01
1.266007055606298159e+01
1.291137425306832931e+01
1.316766635419423714e+01
1.342904587977335495e+01
1.369561381570204972e+01
1.396747315245709942e+01
1.424472892488676479e+01
1.452748825279181943e+01
1.481586038231205471e+01
1.510995672813430346e+01
1.540989091653836951e+01
1.571577882929731373e+01
1.602773864844929719e+01
1.634589090195800409e+01
1.667035851027957349e+01
1.700126683385375514e+01
1.733874372153789167e+01
1.768291956000223664e+01
1.803392732410576471e+01
1.839190262827206723e+01
1.875698377888488722e+01
1.912931182772389604e+01
1.950903062646098007e+01
1.989628688223849906e+01
2.029123021435056629e+01
2.069401321204963295e+01
2.110479149350044281e+01
2.152372376590420799e+01
2.195097188681639011e+01
2.238670092668144918e+01
2.283107923260912386e+01
2.328427849341646194e+01
2.374647380596116975e+01
2.421784374279146590e+01
2.469857042113896384e+01
2.518883957328097978e+01
2.568884061829952969e+01
2.619876673526480459e+01
2.671881493787134332e+01
2.724918615055570825e+01
2.779008528612504847e+01
2.834172132492678742e+01
2.890430739558957640e+01
2.947806085736722537e+01
3.006320338411698856e+01
3.065996104994485449e+01
3.126856441655096930e+01
3.188924862230886248e+01
3.252225347311284764e+01
3.316782353502883041e+01
3.382620822878409683e+01
3.449766192613294891e+01
3.518244404813508908e+01
3.588081916538479987e+01
3.659305710022972846e+01
3.731943303101877518e+01
3.806022759841925307e+01
3.881572701384445168e+01
3.958622317003355562e+01
4.037201375382646518e+01
4.117340236117733099e+01
4.199069861445112650e+01
4.282421828204849845e+01
4.367428340040510193e+01
4.454122239841285591e+01
4.542537022431084637e+01
4.632706847509496839e+01
4.724666552849651424e+01
4.818451667758035484e+01
4.914098426801509589e+01
5.011643783806800911e+01
5.111125426137881789e+01
5.212581789256754661e+01
5.316052071573277260e+01
5.421576249589762142e+01
5.529195093346186951e+01
5.638950182171996772e+01
5.750883920750581524e+01
5.865039555502637114e+01
5.981461191294746271e+01
6.100193808479608037e+01
