0.01 8.46e-05 1.09e-05 0 0 
0.011514 8.35e-05 1e-05 0 0 
0.0132571 9.07e-05 1.19e-05 0 0 
0.0152642 8.93e-05 1.09e-05 0 0 
0.0175751 8.95e-05 1.08e-05 0 0 
0.0202359 9.05e-05 1.26e-05 0 0 
0.0232995 8.97e-05 1.05e-05 0 0 
0.026827 9.33e-05 1.18e-05 0 0 
0.0308884 9.28e-05 1.06e-05 0 0 
0.0355648 9.59e-05 1.08e-05 0 0 
0.0409492 9.15e-05 1.28e-05 0 0 
0.0471487 9.24e-05 1.14e-05 0 0 
0.0542868 9.62e-05 1.34e-05 0 0 
0.0625055 8.48e-05 1.39e-05 0 0 
0.0719686 0 1.19e-05 0 0 
0.0828643 0 1.36e-05 0 0 
0.0954095 0 1.3e-05 0 0 
0.109854 0 1.47e-05 0 0 
0.126486 0 1.7e-05 0 0 
0.145635 0 1.57e-05 0 0 
0.167683 0 1.73e-05 0 0 
0.19307 0 1.72e-05 0 0 
0.2223 0 1.56e-05 0 0 
0.255955 0 1.66e-05 0 0 
0.294705 0 0 1e-07 0 
0.339322 0 0 1e-07 0 
0.390694 0 0 0 0 
0.449843 0 0 0 0 
0.517947 0 0 0 0 
0.596362 0 0 0 0 
0.686649 0 0 0 0 
0.790604 0 0 0 0 
0.910298 0 0 0 0 
1.04811 0 0 0 0 
1.20679 0 0 0 0 
1.3895 0 0 0 0 
1.59986 0 0 0 0 
1.84207 0 0 0 0 
2.12095 0 0 0 0 
2.44205 0 0 0 0 
2.81177 0 0 0 0 
3.23746 0 0 0 0 
3.72759 0 0 0 0 
4.29193 0 0 0 0 
4.94171 0 0 0 0 
5.68987 0 0 0 0 
6.55129 0 0 0 0 
7.54312 0 0 0 0 
8.68511 0 0 0 0 
10 0 0 0 0 
