1.000000000000000021e-02
1.151395399326447452e-02
1.325711365590108784e-02
1.526417967175233356e-02
1.757510624854792189e-02
2.023589647725157481e-02
2.329951810515371730e-02
2.682695795279725973e-02
3.088843596477481787e-02
3.556480306223128163e-02
4.094915062380425491e-02
4.714866363457394238e-02
5.428675439323859403e-02
6.250551925273972742e-02
7.196856730011520764e-02
8.286427728546842675e-02
9.540954763499938374e-02
1.098541141987558339e-01
1.264855216855295672e-01
1.456348477501243632e-01
1.676832936811008257e-01
1.930697728883249698e-01
2.222996482526194417e-01
2.559547922699536016e-01
2.947051702551809482e-01
3.393221771895327810e-01
3.906939937054617062e-01
4.498432668969446491e-01
5.179474679231209633e-01
5.963623316594642843e-01
6.866488450043002345e-01
7.906043210907697238e-01
9.102981779915217952e-01
1.048113134154685211e+00
1.206792640639328784e+00
1.389495494373137463e+00
1.599858719606057411e+00
1.842069969326716405e+00
2.120950887920190375e+00
2.442053094548649828e+00
2.811768697974230680e+00
3.237457542817643308e+00
3.727593720314938075e+00
4.291934260128778433e+00
4.941713361323833098e+00
5.689866029018292970e+00
6.551285568595509368e+00
7.543120063354614935e+00
8.685113737513519894e+00
1.000000000000000000e+01
