1.000000000000000021e-02 3.966280913185046359e-05 3.575628461866212234e-05 6.194635445704020930e-05 0.000000000000000000e+00
1.268960000000000053e-02 4.017316145895212087e-05 3.601961693949234678e-05 2.466912535616049742e-05 0.000000000000000000e+00
1.610260000000000163e-02 4.096686443551720652e-05 3.648395342232320387e-05 2.471485239054409816e-05 0.000000000000000000e+00
2.043359999999999968e-02 4.148545276557722073e-05 3.712803325096335113e-05 1.248579740545129891e-05 0.000000000000000000e+00
2.592939999999999828e-02 4.239242088588012684e-05 3.743159569029179298e-05 3.745178083217856916e-05 0.000000000000000000e+00
3.290339999999999931e-02 4.296501007420755377e-05 3.802828902522153732e-05 2.487098178200584597e-05 0.000000000000000000e+00
4.175319999999999726e-02 4.343937378175180189e-05 3.862446386471874587e-05 3.700368803424074443e-05 0.000000000000000000e+00
5.298320000000000113e-02 4.376194271457283733e-05 4.038665454820874090e-05 0.000000000000000000e+00 0.000000000000000000e+00
6.723360000000000447e-02 0.000000000000000000e+00 4.211522984424561142e-05 3.695628071990834771e-05 0.000000000000000000e+00
8.531679999999999819e-02 0.000000000000000000e+00 4.521241845536230042e-05 0.000000000000000000e+00 0.000000000000000000e+00
1.082639999999999991e-01 0.000000000000000000e+00 4.874125410666439371e-05 2.488150184745151192e-05 0.000000000000000000e+00
1.373820000000000041e-01 0.000000000000000000e+00 5.380500137296304698e-05 2.483824095577551294e-05 0.000000000000000000e+00
1.743329999999999880e-01 0.000000000000000000e+00 6.028672341795525126e-05 2.483639027903684500e-05 0.000000000000000000e+00
2.212220000000000020e-01 0.000000000000000000e+00 6.801242236024844512e-05 0.000000000000000000e+00 0.000000000000000000e+00
2.807220000000000271e-01 0.000000000000000000e+00 0.000000000000000000e+00 2.498469687316518480e-05 0.000000000000000000e+00
3.562250000000000139e-01 0.000000000000000000e+00 0.000000000000000000e+00 3.730832846252378401e-05 0.000000000000000000e+00
4.520350000000000201e-01 0.000000000000000000e+00 0.000000000000000000e+00 2.491746091073319654e-05 0.000000000000000000e+00
5.736149999999999860e-01 0.000000000000000000e+00 0.000000000000000000e+00 2.495663784174996085e-05 0.000000000000000000e+00
7.278949999999999587e-01 0.000000000000000000e+00 0.000000000000000000e+00 1.245283488786222241e-05 0.000000000000000000e+00
9.236710000000000198e-01 0.000000000000000000e+00 0.000000000000000000e+00 2.492118674691288672e-05 0.000000000000000000e+00
1.172099999999999920e+00 0.000000000000000000e+00 0.000000000000000000e+00 6.242898702725649623e-05 0.000000000000000000e+00
1.487349999999999950e+00 0.000000000000000000e+00 0.000000000000000000e+00 3.722500031020833775e-05 0.000000000000000000e+00
