0.01 8.08029e+09 1.05615e+09 80715 1 
0.0126896 8.08032e+09 1.05623e+09 81073 1 
0.0161026 8.08014e+09 1.0563e+09 80923 1 
0.0204336 8.08023e+09 1.05621e+09 80091 1 
0.0259294 8.0801e+09 1.05622e+09 80103 1 
0.0329034 8.08004e+09 1.05624e+09 80415 1 
0.0417532 8.08025e+09 1.05617e+09 81073 1 
0.0529832 8.08024e+09 1.05624e+09 80211 1 
0.0672336 10853 1.05615e+09 81177 1 
0.0853168 1 1.05617e+09 80555 1 
0.108264 1 1.05621e+09 80381 1 
0.137382 1 1.05611e+09 80521 1 
0.174333 1 1.05607e+09 80527 1 
0.221222 1 1.05616e+09 80367 1 
0.280722 1 1 80049 1 
0.356225 1 1 80411 1 
0.452035 1 1 80265 1 
0.573615 1 1 80139 1 
0.727895 1 1 80303 1 
0.923671 1 1 80253 1 
1.1721 1 1 80091 1 
1.48735 1 1 80591 1 
