0.01 3.83618e-05 4.45377e-05 0 0 
0.0102341 3.96293e-05 3.50677e-05 0 0 
0.0104737 3.76412e-05 2.93869e-05 0 0 
0.0107189 3.89775e-05 2.94154e-05 0 0 
0.0109699 3.72334e-05 3.97794e-05 0 0 
0.0112267 3.79837e-05 5.22812e-05 0 0 
0.0114895 4.11709e-05 3.69701e-05 0 0 
0.0117585 3.90922e-05 3.50279e-05 0 0 
0.0120338 4.37015e-05 3.7893e-05 0 0 
0.0123155 4.53126e-05 3.69398e-05 0 0 
0.0126038 4.26932e-05 3.31965e-05 0 0 
0.0128989 4.47964e-05 4.44733e-05 0 0 
0.0132009 3.99757e-05 4.16704e-05 0 0 
0.0135099 3.98732e-05 3.12253e-05 0 0 
0.0138262 4.10789e-05 3.3136e-05 0 0 
0.0141499 4.25926e-05 4.07239e-05 0 0 
0.0144812 3.74955e-05 4.16789e-05 0 0 
0.0148202 4.15918e-05 4.44714e-05 0 0 
0.0151672 4.19597e-05 4.07479e-05 0 0 
0.0155223 3.72564e-05 3.9726e-05 0 0 
0.0158857 4.33345e-05 4.83815e-05 0 0 
0.0162576 4.44085e-05 3.31167e-05 0 0 
0.0166382 4.13361e-05 3.41106e-05 0 0 
0.0170277 4.51596e-05 2.74722e-05 0 0 
0.0174263 4.21763e-05 3.78958e-05 0 0 
0.0178343 4.61485e-05 3.78256e-05 0 0 
0.0182518 4.53128e-05 3.79175e-05 0 0 
0.0186791 4.18532e-05 3.98111e-05 0 0 
0.0191164 4.30733e-05 3.41033e-05 0 0 
0.019564 4.33192e-05 3.59712e-05 0 0 
0.020022 4.16287e-05 3.60087e-05 0 0 
0.0204907 4.51644e-05 4.15802e-05 0 0 
0.0209705 4.37278e-05 3.59004e-05 0 0 
0.0214614 4.49384e-05 3.9797e-05 0 0 
0.0219639 4.54165e-05 2.83603e-05 0 0 
0.0224781 4.17267e-05 3.59815e-05 0 0 
0.0230043 4.3241e-05 4.07452e-05 0 0 
0.0235429 3.86432e-05 2.85013e-05 0 0 
0.024094 4.1602e-05 3.40678e-05 0 0 
0.0246581 4.22971e-05 3.60025e-05 0 0 
0.0252354 4.12456e-05 3.97058e-05 0 0 
0.0258262 4.09819e-05 3.79544e-05 0 0 
0.0264308 4.09574e-05 2.74054e-05 0 0 
0.0270496 4.60348e-05 3.50931e-05 0 0 
0.0276829 4.02346e-05 3.69353e-05 0 0 
0.028331 4.3063e-05 3.5954e-05 0 0 
0.0289942 3.84825e-05 4.17177e-05 0 0 
0.029673 4.1326e-05 3.69887e-05 0 0 
0.0303677 4.19453e-05 2.64938e-05 0 0 
0.0310787 4.01097e-05 3.50087e-05 0 0 
0.0318063 3.61406e-05 3.60004e-05 0 0 
0.0325509 4.60544e-05 3.87975e-05 0 0 
0.0333129 4.0824e-05 3.40241e-05 0 0 
0.0340929 4.00676e-05 4.07792e-05 0 0 
0.034891 3.98474e-05 3.02538e-05 0 0 
0.0357079 4.59198e-05 5.21448e-05 0 0 
0.0365438 4.30525e-05 3.59777e-05 0 0 
0.0373994 4.43101e-05 4.35687e-05 0 0 
0.0382749 4.20669e-05 4.06834e-05 0 0 
0.039171 4.29307e-05 5.47973e-05 0 0 
0.0400881 4.50559e-05 3.22511e-05 0 0 
0.0410266 4.46475e-05 3.78407e-05 0 0 
0.0419871 3.6637e-05 3.78777e-05 0 0 
0.04297 4.27243e-05 2.84345e-05 0 0 
0.043976 4.60643e-05 2.64926e-05 0 0 
0.0450056 4.50591e-05 3.59994e-05 0 0 
0.0460592 4.36966e-05 3.2239e-05 0 0 
0.0471375 4.7901e-05 4.55121e-05 0 0 
0.0482411 4.0862e-05 4.55058e-05 0 0 
0.0493705 4.567e-05 4.93075e-05 0 0 
0.0505263 4.35567e-05 4.16569e-05 0 0 
0.0517092 5.20713e-05 4.16852e-05 0 0 
0.0529198 4.38043e-05 2.93477e-05 0 0 
0.0541587 4.65378e-05 3.97926e-05 0 0 
0.0554266 4.44247e-05 3.97396e-05 0 0 
0.0567243 4.39772e-05 5.11332e-05 0 0 
0.0580523 3.93616e-05 4.06825e-05 0 0 
0.0594113 4.63179e-05 4.54633e-05 0 0 
0.0608022 4.27123e-05 5.01947e-05 0 0 
0.0622257 4.54464e-05 4.93504e-05 0 0 
0.0636825 4.19905e-05 4.55197e-05 0 0 
0.0651734 3.57274e-05 3.7883e-05 0 0 
0.0666992 8.08636e-05 4.45018e-05 0 0 
0.0682607 0 3.50641e-05 0 0 
0.0698588 0 3.59721e-05 0 0 
0.0714943 0 4.07195e-05 0 0 
0.0731681 0 4.36045e-05 0 0 
0.074881 0 3.21889e-05 0 0 
0.0766341 0 3.97664e-05 0 0 
0.0784282 0 3.50683e-05 0 0 
0.0802643 0 4.53497e-05 0 0 
0.0821434 0 5.20278e-05 0 0 
0.0840665 0 4.4547e-05 0 0 
0.0860346 0 4.16511e-05 0 0 
0.0880488 0 3.98022e-05 0 0 
0.0901102 0 4.64224e-05 0 0 
0.0922198 0 4.45611e-05 0 0 
0.0943788 0 5.39863e-05 0 0 
0.0965883 0 4.73305e-05 0 0 
0.0988496 0 3.50606e-05 0 0 
0.101164 0 5.1146e-05 0 0 
0.103532 0 4.54638e-05 0 0 
0.105956 0 5.30464e-05 0 0 
0.108437 0 4.44933e-05 0 0 
0.110975 0 3.97915e-05 0 0 
0.113573 0 5.39611e-05 0 0 
0.116232 0 6.15797e-05 0 0 
0.118953 0 5.68911e-05 0 0 
0.121738 0 5.40839e-05 0 0 
0.124588 0 4.44943e-05 0 0 
0.127505 0 5.01891e-05 0 0 
0.13049 0 4.64706e-05 0 0 
0.133545 0 5.01683e-05 0 0 
0.136672 0 6.06107e-05 0 0 
0.139871 0 6.53545e-05 0 0 
0.143146 0 5.76405e-05 0 0 
0.146497 0 6.16014e-05 0 0 
0.149927 0 6.25163e-05 0 0 
0.153437 0 6.16513e-05 0 0 
0.157029 0 5.97986e-05 0 0 
0.160705 0 5.67917e-05 0 0 
0.164468 0 6.62623e-05 0 0 
0.168318 0 6.43025e-05 0 0 
0.172259 0 5.87765e-05 0 0 
0.176291 0 6.70285e-05 0 0 
0.180419 0 6.06287e-05 0 0 
0.184642 0 6.43991e-05 0 0 
0.188965 0 7.20808e-05 0 0 
0.193389 0 6.35309e-05 0 0 
0.197917 0 7.28799e-05 0 0 
0.20255 0 6.23669e-05 0 0 
0.207292 0 6.0659e-05 0 0 
0.212145 0 5.96874e-05 0 0 
0.217112 0 7.00696e-05 0 0 
0.222195 0 7.30548e-05 0 0 
0.227397 0 7.22177e-05 0 0 
0.23272 0 6.80879e-05 0 0 
0.238169 0 8.03683e-05 0 0 
0.243744 0 8.03473e-05 0 0 
0.249451 0 6.72696e-05 0 0 
0.255291 0 7.11955e-05 0 0 
0.261268 0 6.96452e-05 0 0 
0.267384 0 0.000108383 0 0 
0.273644 0 0 0 0 
0.28005 0 0 0 0 
