1.000000000000000021e-02 3.729603729603729600e-03 0.000000000000000000e+00
2.782559999999999895e-02 3.889016794330124593e-03 0.000000000000000000e+00
4.641590000000000299e-02 3.755494898371582700e-03 0.000000000000000000e+00
7.742640000000000633e-02 3.849627807020276123e-03 0.000000000000000000e+00
1.291549999999999920e-01 3.758721165017178331e-03 0.000000000000000000e+00
2.154429999999999956e-01 4.005049845457315377e-03 0.000000000000000000e+00
3.593810000000000060e-01 3.968130562690865525e-03 0.000000000000000000e+00
5.994840000000000169e-01 4.064964851106677227e-03 0.000000000000000000e+00
1.100000000000000089e+00 4.673216627205329342e-03 0.000000000000000000e+00
1.500000000000000000e+00 5.677759210828741722e-03 0.000000000000000000e+00
